function [st, si] = ms_55

st=[1 1 1 1 1 -1 -1 -1 -1 -1 0 0 0 0 0 0 0 0 0 0 0 0 0 0 0;
1 1 1 1 1 0 0 0 0 0 -1 -1 -1 -1 -1 0 0 0 0 0 0 0 0 0 0;
1 1 1 1 1 0 0 0 0 0 0 0 0 0 0 -1 -1 -1 -1 -1 0 0 0 0 0;
1 1 1 1 1 0 0 0 0 0 0 0 0 0 0 0 0 0 0 0 -1 -1 -1 -1 -1;
0 1 1 1 1 -1 0 0 0 0 -1 0 0 0 0 -1 0 0 0 0 -1 0 0 0 0;
1 0 1 1 1 0 -1 0 0 0 0 -1 0 0 0 0 -1 0 0 0 0 -1 0 0 0;
1 1 0 1 1 0 0 -1 0 0 0 0 -1 0 0 0 0 -1 0 0 0 0 -1 0 0;
1 1 1 0 1 0 0 0 -1 0 0 0 0 -1 0 0 0 0 -1 0 0 0 0 -1 0;
1 1 1 1 0 0 0 0 0 -1 0 0 0 0 -1 0 0 0 0 -1 0 0 0 0 -1;
0 1 1 1 1 0 -1 0 0 0 0 0 -1 0 0 0 0 0 -1 0 0 0 0 0 -1;
1 1 1 1 0 0 0 0 -1 0 0 0 -1 0 0 0 -1 0 0 0 -1 0 0 0 0];

si=ones(1,25);
